series_num,poem_num,0,1,2,3
1,1,0.022911922682471098,0.025168694017498022,0.9279443705249537,0.02397501277507723
1,2,0.9446343975817384,0.01826826868041958,0.018490523295812175,0.01860681044202996
1,3,0.025463148725822175,0.025776470582345813,0.025316001381940713,0.9234443793098914
1,4,0.012746925536188551,0.013112669396653433,0.012750943635892896,0.961389461431265
1,5,0.010150901608199005,0.010204468292161378,0.9694861683758002,0.010158461723839479
1,6,0.03211610515910793,0.031550675018188035,0.033120138458114005,0.90321308136459
1,7,0.03260170464362872,0.032051072204956954,0.0321230131378354,0.903224210013579
1,8,0.012946362097091392,0.01260626893760862,0.012632364372796008,0.961815004592504
1,9,0.880613149485617,0.03827741301779668,0.03751259695675342,0.043596840539832885
1,10,0.008468643153143902,0.008549011796065258,0.008519306301812609,0.9744630387489782
1,11,0.9242361685464818,0.025237324643775573,0.025359538747273334,0.025166968062469142
1,12,0.03273460353101867,0.032184564584877666,0.9017611005202038,0.03331973136389983
1,13,0.0187444218808967,0.018250568121675307,0.018383521318140836,0.9446214886792872
1,14,0.02561740609578301,0.026343217129837893,0.02536937162239459,0.9226700051519845
1,15,0.9812488164640603,0.006200653449032659,0.006285114535654779,0.006265415551252275
1,16,0.9547969563738951,0.015169721334013292,0.014970708589627577,0.015062613702464311
1,17,0.025955072553999665,0.025645696564598985,0.026150112478505377,0.922249118402896
1,18,0.015708197338368028,0.015985325613187787,0.01617286419881959,0.9521336128496246
1,19,0.026385444080280016,0.02582642271194555,0.02549287109482353,0.9222952621129509
1,20,0.010184862979293509,0.9688710903767788,0.010405359104779527,0.0105386875391483
1,21,0.025551362270437618,0.025301334778019775,0.9229973646940565,0.0261499382574862
1,22,0.9124560128791145,0.029433304172745842,0.029056626155037728,0.02905405679310193
1,23,0.028235694664753144,0.9148733494536924,0.028632487999819774,0.028258467881734757
1,24,0.02545321598431266,0.026215632356774553,0.9227843889590067,0.025546762699906134
1,25,0.03151006498901186,0.031290856558722165,0.031407965145902106,0.9057911133063639
1,26,0.025027947957690904,0.026660441005539964,0.921497665833286,0.026813945203483156
1,28,0.01956474490874434,0.019859919146862543,0.941237745195423,0.019337590748970068
1,29,0.023590823969831094,0.023000968316691288,0.023204355875409706,0.9302038518380679
1,30,0.02996211268368472,0.030847559690660768,0.9072684088196166,0.03192191880603805
1,31,0.02117881541706432,0.021942264432326785,0.9356000401824297,0.02127887996817925
1,32,0.9500651026597404,0.016285422413271636,0.017252624345991677,0.016396850580996228
1,33,0.008868918109742208,0.008885854365078551,0.008728190120677331,0.9735170374045019
1,34,0.02948369690297615,0.9111924354336984,0.028785726508023347,0.030538141155302092
1,35,0.026299706181367954,0.026136210176577176,0.02637679640717864,0.9211872872348763
1,36,0.012706430841012563,0.012815737769747756,0.012758060116425836,0.9617197712728139
1,37,0.018338868303869327,0.944242365270347,0.01865669116674638,0.018762075259037347
1,38,0.02595156860062341,0.02552595417561905,0.9223909176264481,0.026131559597309346
1,39,0.007611616452888798,0.9774975932481725,0.007474677973960057,0.007416112324978422
1,40,0.006805053469270127,0.007050179131512822,0.0067898554789036425,0.9793549119203133
1,41,0.010388949736880997,0.010372258487815785,0.010324355570891362,0.9689144362044119
1,42,0.013614716414744238,0.014108807002016208,0.9584543135413998,0.013822163041839648
1,43,0.019550309526058005,0.01977717181499499,0.020627825927387395,0.9400446927315597
1,44,0.017349652953188698,0.017555466106582897,0.9475494376666065,0.01754544327362178
1,45,0.021108656674021974,0.02120559589377094,0.936217406259182,0.02146834117302503
1,47,0.01982490714722207,0.9402796224019345,0.0196560203655791,0.020239450085264205
1,48,0.03669816887841878,0.0367617379373518,0.64387240304445,0.2826676901397793
1,49,0.9406767083244525,0.019681345264059,0.019611855844480025,0.02003009056700841
1,50,0.9396706102610387,0.019593559327011414,0.020281981284139092,0.02045384912781083
1,51,0.904317686060643,0.03151379427425905,0.03160278499605817,0.0325657346690398
1,52,0.017909948671301874,0.018440690279139207,0.018527826403098635,0.9451215346464602
1,53,0.01896548169098768,0.94249546609731,0.01893861507203071,0.01960043713967148
1,54,0.9805368563881818,0.006396546165035075,0.00656705202024571,0.006499545426537322
1,55,0.010571625749594159,0.010672288282394275,0.0106529274873322,0.9681031584806794
1,56,0.026412866802064273,0.025893683116560984,0.025830719543241138,0.9218627305381336
1,57,0.00980672527479457,0.009729972626733367,0.009911994893184476,0.9705513072052876
1,58,0.005173502053140273,0.005222370626062473,0.005193295312567665,0.9844108320082295
1,59,0.01815169579724397,0.944792513791937,0.018411634218389008,0.018644156192430195
1,60,0.0061452411012262575,0.006271502689622395,0.006194900125677568,0.9813883560834739
1,61,0.008223404443246393,0.008157583145989562,0.9753335088465384,0.008285503564225622
1,62,0.8895051628403373,0.035903850713389016,0.037203174600245706,0.037387811846028025
1,63,0.025348612584267294,0.025528858738872597,0.9237356511833479,0.025386877493512403
1,64,0.9127704163024987,0.028504694585682482,0.028308737881200984,0.030416151230617985
1,65,0.028489478930010824,0.9152682656559121,0.02783870169624244,0.028403553717834557
1,66,0.9568508856050337,0.014387420773552883,0.01453449752302122,0.014227196098392195
1,67,0.018283124927208863,0.9447134739418949,0.018650828916319792,0.018352572214576528
1,68,0.01215815095111968,0.9632707453032249,0.012127019205325665,0.012444084540329772
1,69,0.028245753756523613,0.02840598680579773,0.029542139922228768,0.9138061195154499
1,70,0.007304196366168994,0.007348377357996944,0.007320685397592175,0.9780267408782419
1,71,0.019466083270184766,0.9409485910086122,0.01974639892616888,0.019838926795033983
1,72,0.9212515237661418,0.025794687167537543,0.026577776818765678,0.02637601224755492
1,73,0.008768564440251725,0.008981191629410693,0.9733339599019483,0.00891628402838934
1,74,0.019690399134535522,0.01938742966967254,0.019915251956400676,0.9410069192393913
1,75,0.9208023135333625,0.02635630389459601,0.025597018817714968,0.02724436375432633
1,76,0.00980828408922302,0.9705779748867354,0.00986684452371812,0.009746896500323569
1,77,0.01353462127080562,0.013521813566951903,0.9593150163533383,0.01362854880890418
1,79,0.9597382765179471,0.013479900563341977,0.013298236787686416,0.013483586131024497
1,80,0.011487310193020574,0.011438895045245966,0.011390358983749306,0.9656834357779842
1,81,0.023040539672338576,0.02314461078800808,0.9306866051145387,0.023128244425114606
1,82,0.009403190587020185,0.009231422949523865,0.9721244891782342,0.009240897285221763
1,83,0.01408730991088827,0.01424725098483373,0.014255600647493151,0.9574098384567848
1,84,0.011992879803788313,0.9634718512144224,0.012191006518605775,0.012344262463183561
1,85,0.020678395693228865,0.9396576317019942,0.019376819955410338,0.02028715264936653
1,86,0.04357497483469781,0.043603032431829794,0.04429660957701155,0.8685253831564609
1,87,0.019506276373003423,0.019743644040966894,0.9407596942374341,0.019990385348595596
1,88,0.017992422971167658,0.018802215365100912,0.9448083061534531,0.018397055510278225
1,89,0.012104469568130393,0.012134394595662124,0.012173457632489285,0.9635876782037183
1,90,0.02440838876809108,0.26283852635348337,0.6890632620926442,0.023689822785781363
1,91,0.0316689979897319,0.03171882810382635,0.03266137104182094,0.9039508028646208
1,92,0.03744493897874115,0.03637136381241152,0.038187929556155686,0.8879957676526916
1,93,0.04230264949202153,0.0426053729322252,0.872750505531009,0.04234147204474415
1,94,0.021172793596115284,0.020928985744160293,0.02105704488558217,0.9368411757741422
1,95,0.03160105018932745,0.0316990343580972,0.03230104409785485,0.9043988713547205
1,96,0.0319454440984039,0.031705117379453564,0.032137347580100645,0.9042120909420419
1,97,0.9571136178288399,0.014568700801062233,0.014010503106868178,0.014307178263229683
1,98,0.01218299875475446,0.012197608010149966,0.012262061887928777,0.9633573313471667
1,99,0.9347006364835588,0.021908975889818338,0.02131436876461103,0.02207601886201174
1,100,0.029685938352677087,0.028244179693291,0.0290007420149922,0.9130691399390397
1,101,0.9284522387131787,0.023368519632626872,0.02441740613884481,0.023761835515349716
1,102,0.944919739725601,0.018019949409750245,0.018270774363163687,0.0187895365014852
1,103,0.01628119483277278,0.016105492211159443,0.01631341890818989,0.9512998940478778
1,104,0.9405626225277396,0.019632180603431446,0.019743968206005547,0.02006122866282334
1,105,0.01059566537466925,0.010690235876480813,0.010695494968422665,0.9680186037804273
1,106,0.8999699830878493,0.033302563276963223,0.032494377311027334,0.03423307632416012
1,107,0.9288805485688381,0.023637672719811417,0.02368634421091963,0.02379543450043102
1,108,0.015215906446954747,0.015094928608529148,0.015148388395885296,0.9545407765486308
1,109,0.022902410049932338,0.023222100587203844,0.9307137749523972,0.02316171441046676
1,110,0.033012302510083184,0.36106026255378026,0.5723404091640254,0.03358702577211111
1,111,0.01411617349093006,0.9571281945807749,0.014345271137178423,0.01441036079111657
1,112,0.012150152901168835,0.012145492835029924,0.012313450058201511,0.9633909042055998
1,113,0.018116774872988458,0.9447535927738154,0.018250633470161055,0.018878998883035118
1,114,0.02172082187149867,0.022193995507417276,0.02184727488396698,0.934237907737117
1,115,0.05053670580078619,0.050616548635613504,0.8484284493019442,0.05041829626165604
1,116,0.9614734201746836,0.012950720546956862,0.01273996225608744,0.012835897022272212
1,117,0.02860180328439873,0.9141724469630611,0.02815259408326785,0.029073155669272162
1,118,0.03187042584832195,0.031836924914188325,0.03176540220815091,0.9045272470293387
2,1,0.04798331400541576,0.04435653921733142,0.042913651749935014,0.8647464950273178
2,2,0.9604231737646612,0.013378602358112621,0.013328199804345497,0.012870024072880515
2,3,0.013917180049273996,0.013771828060061773,0.013351522466627646,0.9589594694240365
2,4,0.02998567079719177,0.028015979339558787,0.027898456939373626,0.9140998929238758
2,5,0.02159900535510956,0.9352115165374753,0.021391450695809257,0.021798027411605993
2,6,0.01444831232668255,0.9560194935406778,0.015118496530647813,0.01441369760199189
2,7,0.009339685245067104,0.009470554110070214,0.9717392868187912,0.009450473826071502
2,8,0.01362146864328882,0.013841721991608488,0.013385233445971777,0.9591515759191309
2,9,0.01585977192882472,0.01703964801184774,0.016106873737689098,0.9509937063216385
2,10,0.9238959706185456,0.02541551187613379,0.02541647801778832,0.02527203948753242
2,11,0.019580754763939587,0.0192658483067426,0.9411019659357427,0.020051430993575047
2,12,0.0145942670202767,0.014410356789335088,0.9566626348916581,0.01433274129873
2,13,0.011303684360393482,0.9662525012204245,0.01124896016792133,0.011194854251260801
2,14,0.050996513939827265,0.050057248519607654,0.8489079455251207,0.05003829201544429
2,15,0.025301284722826604,0.02625917265563634,0.9226990865538282,0.02574045606770906
2,16,0.8738566757647316,0.04200353995720619,0.04193054747785179,0.04220923680021053
2,17,0.9597667790475037,0.01338195065027954,0.013413668062013015,0.013437602240203806
2,18,0.08719794514482916,0.08564821056272656,0.7408201643667861,0.08633367992565809
2,19,0.030797530627375173,0.029133696786574355,0.02990138646555462,0.9101673861204959
2,20,0.025717130723484555,0.02686110582954164,0.025920776695497437,0.9215009867514764
2,21,0.050093821375710494,0.05008563329851001,0.0500856591289893,0.8497348861967902
2,22,0.02122683960011059,0.021028983680634203,0.02177393976305168,0.9359702369562035
2,23,0.012485436488468987,0.01192247937909603,0.9628558554856432,0.012736228646791595
2,24,0.011348874016386111,0.9662421776580848,0.011217291230682125,0.011191657094847015
2,25,0.9233268258979948,0.025401657162177748,0.025862503594906366,0.025409013344921204
2,26,0.015866069127300687,0.016144157168791768,0.952078862561279,0.015910911142628405
2,27,0.957030002850454,0.014388542088378873,0.014510872695217628,0.014070582365949552
2,28,0.02834034543041782,0.02849907776551291,0.9130840436372283,0.030076533166841016
2,29,0.025481144420028315,0.025189279485203196,0.9239153527237371,0.025414223371031355
2,30,0.05008079336506215,0.0500737515618263,0.05007377389013158,0.8497716811829801
2,31,0.03641991236511487,0.03755689401416181,0.036911009773952994,0.8891121838467704
2,32,0.03635367236928056,0.03629710799171546,0.8906913346267343,0.0366578850122696
2,33,0.0647503916838806,0.06544808370779798,0.06312333655347933,0.806678188054842
2,34,0.015807015467964352,0.015901788190750905,0.9523199974239263,0.015971198917358428
2,35,0.012835609096183032,0.01273534425207636,0.012645247911768019,0.9617837987399727
2,36,0.009295942337959197,0.009211318536402698,0.00932820189571529,0.9721645372299228
2,37,0.018118095210223804,0.018458785351210025,0.9450868071969507,0.018336312241615426
2,38,0.01939881598656936,0.9414288756805884,0.019732992385887764,0.019439315946954444
2,39,0.01543286054979875,0.015063620287756348,0.015228468938054273,0.9542750502243906
2,40,0.06253152554550233,0.8105033667121495,0.06291200248716151,0.06405310525518661
2,41,0.032475839235684006,0.8967202009558326,0.03371962978344238,0.037084330025040926
2,42,0.027806835740967952,0.027899213380391797,0.9164984162873534,0.02779553459128677
2,43,0.9486609966186947,0.018033211731713218,0.016442495719701255,0.016863295929890755
2,44,0.02808719075696693,0.9134653333212158,0.029955759015732938,0.02849171690608452
2,45,0.9232258063103156,0.025392162052738795,0.025607146623182555,0.025774885013763005
2,46,0.011588175590480919,0.011513067971792676,0.9648903606944206,0.012008395743305807
2,47,0.019803319478013354,0.019647398595014895,0.019508300544237748,0.941040981382734
2,48,0.011680863482821153,0.0118465421414648,0.011643696476922118,0.9648288978987919
2,49,0.027831203421146637,0.028541302342562757,0.9154000543447867,0.028227439891503992
2,50,0.012209772763556403,0.01226260844219414,0.9632947909388896,0.012232827855359842
2,51,0.02137291289436888,0.021477840671270287,0.022215365053775207,0.9349338813805858
2,52,0.012364114132566918,0.9624253987317817,0.012439769733730004,0.012770717401921376
2,53,0.009942499323563564,0.009865837694559784,0.010467785759422692,0.969723877222454
2,54,0.028551114705369286,0.9147628192560601,0.027966764065865665,0.028719301972704912
2,55,0.014996533903888104,0.014958836549875868,0.9549291197979197,0.015115509748316339
2,56,0.9723145309623762,0.009160941189033546,0.009511851731110877,0.009012676117479421
2,57,0.9646214787187181,0.0116129381415858,0.01173239346421559,0.012033189675480484
2,59,0.017271258687362664,0.016883483188391325,0.9491064225949275,0.01673883552931838
2,60,0.8905670076203462,0.0363161858640526,0.03626431730327168,0.03685248921232954
2,61,0.00734239766613539,0.9778007649167064,0.007392388854560127,0.007464448562597991
2,62,0.012096647551858134,0.012077633287645415,0.9636004968754639,0.012225222285032705
2,63,0.9663139328785484,0.011045342988299614,0.011120680387922976,0.01152004374522908
2,64,0.01179777135538054,0.011595243255017944,0.011733773267467969,0.9648732121221336
2,65,0.018650366706420493,0.018314303373106994,0.9440489796927497,0.01898635022772274
2,66,0.010565698473968644,0.9685493529515918,0.01036630321278959,0.010518645361649924
2,67,0.023453009594766348,0.023111112352469074,0.023713570051105973,0.9297223080016586
2,68,0.017207019883000253,0.9487931536449201,0.01711095750782222,0.016888868964257505
2,69,0.9566900888056502,0.014459175854616063,0.014231697065922014,0.014619038273811733
2,70,0.021488847603739206,0.02175176475291469,0.022056021521770847,0.9347033661215752
2,71,0.947545455383776,0.017260643953564976,0.017454802931906804,0.017739097730752346
2,72,0.014263848945765404,0.9574740372505965,0.01409344785971733,0.01416866594392078
2,73,0.028334336447615627,0.029508184167392804,0.027960850355906,0.9141966290290856
2,74,0.025722265363418356,0.025950938911025158,0.9225417934352439,0.02578500229031247
2,76,0.00872274908022638,0.009018847825580007,0.8862168357601563,0.09604156733403732
2,77,0.9544068003411674,0.015291094069819546,0.01507437851525815,0.015227727073754804
2,78,0.0185343276306452,0.019232640238121906,0.018520655073592705,0.9437123770576402
2,79,0.008957059939651738,0.9731431083900575,0.008889482534855088,0.009010349135435811
2,80,0.956838200991028,0.01468565233496085,0.014097999313228747,0.014378147360782377
2,81,0.021665670336603066,0.020893314505110092,0.9361464245007708,0.02129459065751614
2,82,0.007592059403841545,0.007557152548961112,0.007490270916605792,0.9773605171305916
2,83,0.012875493703655464,0.9617196721930706,0.012712350384925748,0.012692483718348217
2,84,0.008010182774550097,0.00804868699367976,0.9757516908080015,0.008189439423768636
2,85,0.00895011304339647,0.008874112731095968,0.008897102646344345,0.9732786715791633
2,86,0.0122342958576979,0.9633699259467752,0.012062593428282493,0.012333184767244562
2,87,0.9439990396951924,0.01843191502211203,0.018575364373001745,0.018993680909693826
2,88,0.00907141236868438,0.00909491805821814,0.009098602229317392,0.9727350673437801
2,89,0.012212583754469833,0.012218379098257612,0.012212404686270174,0.9633566324610023
2,90,0.9453941990052019,0.01845150620917066,0.01798616433257971,0.018168130453047757
2,91,0.015269051343616535,0.9535694408606573,0.015556872582385327,0.015604635213340896
2,92,0.025979454151543614,0.9221710360750073,0.02618978398366377,0.0256597257897853
2,93,0.021089790675751105,0.021084419574008768,0.9361599453926684,0.021665844357571653
2,94,0.9731957406704564,0.008947740533431852,0.008860642629467598,0.008995876166644079
2,95,0.008175619711532342,0.008097895885921722,0.008062861917396927,0.975663622485149
2,96,0.011766311679117866,0.01154817187443455,0.9645453288254723,0.012140187620975327
2,97,0.04371264579052398,0.045018215789974475,0.04408425867478399,0.8671848797447176
2,98,0.010406460165241252,0.010386370002583665,0.9685470382925624,0.010660131539612691
2,99,0.9677712018585035,0.0107415914054931,0.010664188027115749,0.010823018708887484
2,100,0.009458447038096339,0.00939620782745775,0.009340225945982982,0.9718051191884629
2,101,0.011669026868296949,0.9644616868515483,0.011887460945489236,0.011981825334665566
2,102,0.02297117182505691,0.9298136274447071,0.02350478017047406,0.023710420559761924
2,103,0.013397398623079378,0.9601458771745921,0.013008985415925078,0.013447738786403441
2,104,0.028160789693200433,0.9151040239537702,0.02816422960055569,0.028570956752473762
2,105,0.01171394792865004,0.9647907131889947,0.01155747846305061,0.011937860419304665
2,106,0.02550899269075101,0.02576201537998103,0.9228800485128107,0.025848943416457233
2,107,0.9306192416204094,0.0230061167511407,0.023006295302120217,0.023368346326329503
2,108,0.02583143813261692,0.02521417784728117,0.025613787694235342,0.9233405963258666
2,109,0.019826725090274576,0.019578859329125793,0.9405821296158166,0.020012285964783053
2,110,0.025216266651407627,0.9244551512154756,0.025197560536931705,0.025131021596184997
2,111,0.025712794458585833,0.9222103918645521,0.025703880408188603,0.026372933268673498
2,112,0.00768275995247607,0.0075303550797816655,0.007586877591813845,0.9772000073759284
2,113,0.06292987845321273,0.06289040414579279,0.06333176803977243,0.8108479493612222
2,114,0.037788019610405496,0.03659832491909457,0.8893641456666973,0.03624950980380267
2,115,0.01795338560045615,0.9454231005438458,0.018351380790529916,0.018272133065168204
2,116,0.9140580835299125,0.028931225909084576,0.028086489370754624,0.028924201190248414
2,117,0.006812361856133689,0.006862244476366684,0.006971958669201881,0.9793534349982979
2,118,0.9540421107534081,0.015270504769579932,0.015411138465362592,0.015276246011649335
2,119,0.012745100822482794,0.9612370082727849,0.01286726627088586,0.013150624633846583
2,120,0.014562124990097588,0.9563177766146578,0.014435729330261705,0.01468436906498282
2,121,0.02569186418828866,0.9230711344355832,0.025468038219074618,0.02576896315705347
2,122,0.012485369105495059,0.01224045695033707,0.012314976900751631,0.9629591970434164
2,123,0.021283093433742545,0.021136312726088922,0.021110576703633845,0.9364700171365347
2,124,0.01198313674042982,0.011756238444498628,0.0117899251286109,0.9644706996864606
2,125,0.9744301825269289,0.008557917871157493,0.008531899299887149,0.008480000302026341
2,126,0.8689665354766896,0.009083851632577257,0.008940114157488518,0.11300949873324452
2,128,0.9359693758297654,0.021263527537873868,0.02111494666354216,0.021652149968818517
2,129,0.014772091601804073,0.014127721023093676,0.014484869081835196,0.9566153182932671
2,130,0.0361201521047146,0.8873812077864168,0.038286476943893484,0.038212163164975055
2,131,0.9410892285201494,0.019658675217024427,0.019465608443021552,0.019786487819804594
2,132,0.021350952926364415,0.02100243033183323,0.9363947394121949,0.021251877329607382
2,133,0.6248151506114293,0.12506924775969253,0.12506927152181277,0.1250463301070653
2,134,0.014156581635954749,0.014603324279910691,0.014720694867121291,0.9565193992170133
2,135,0.019698621938542313,0.019868511298421317,0.02018513172478015,0.9402477350382562
2,136,0.9395625891455798,0.020080610492804133,0.019923404826321656,0.020433395535294482
2,137,0.01132113427260201,0.011257297295699334,0.9663206128554402,0.011100955576258353
2,138,0.01717322938559447,0.9484569803667123,0.017218222406140172,0.01715156784155309
2,139,0.9150055447497293,0.02834138184173301,0.02823880971486692,0.028414263693670734
2,140,0.012767286654258064,0.012634073377856077,0.013039639612240158,0.9615590003556457
2,141,0.01704503113269925,0.01717377999230452,0.016871498830360914,0.9489096900446353
2,142,0.013577315315167697,0.013337573619373653,0.9589733248615007,0.014111786203957997
2,143,0.02300108539307778,0.930837586146788,0.023174853955796645,0.022986474504337533
2,144,0.011005492856064154,0.966839597803193,0.011150851284333642,0.011004058056409317
2,145,0.02818528911538492,0.02830447543069594,0.02902173660372635,0.9144884988501927
2,146,0.03223428843428901,0.03232571062050652,0.03179361386048761,0.9036463870847169
2,147,0.018669943413780116,0.019165976014689397,0.018380588210627852,0.9437834923609026
2,148,0.010438561713810957,0.328716770142943,0.6497978667364447,0.01104680140680144
2,149,0.9482596360392374,0.01706953690142012,0.01745211903781045,0.017218708021532053
2,150,0.01969968562245437,0.019519839030981923,0.9411088129480525,0.01967166239851125
2,151,0.008003895446654329,0.008102178895303772,0.008088397565592412,0.9758055280924495
2,152,0.9411867632603915,0.01969768069941737,0.01930072805641099,0.01981482798378014
2,153,0.025355981588501015,0.026517228803737043,0.9227735675491022,0.02535322205865981
2,154,0.013719314273492296,0.013332964640644446,0.013497744818395267,0.9594499762674681
2,155,0.9455819828012185,0.018260709093158103,0.017955057130254647,0.018202250975368716
2,156,0.008750149149147278,0.008854109972481336,0.008792496184942376,0.9736032446934291
2,157,0.03211958359032231,0.03179810085975832,0.03248218959542416,0.9036001259544952
2,158,0.012182797689943039,0.9632993211220161,0.012074345911336038,0.012443535276705005
2,159,0.009863338292547996,0.01006137851488789,0.010066303371287687,0.9700089798212764
2,160,0.01458830821446651,0.9566933913811856,0.014195708518387501,0.014522591885960475
2,161,0.01930868397811615,0.019606801648086116,0.019593750608711533,0.9414907637650861
2,162,0.9740760596890033,0.008569017772939322,0.00865844968826536,0.008696472849791843
2,163,0.018960962352238635,0.018289971058510643,0.018869112026364775,0.943879954562886
2,164,0.016642509921695914,0.015899754685769273,0.9511287835082929,0.016328951884241966
2,165,0.9136351087030351,0.02868515129773031,0.028211106794231538,0.02946863320500313
2,166,0.9650669974308332,0.011572463885628341,0.011511692139669925,0.011848846543868485
2,167,0.013608020363837662,0.849176599939569,0.12395978321228013,0.013255596484313174
2,168,0.017139791437466013,0.017424005121060952,0.017246672586422707,0.9481895308550503
2,169,0.043888606790041,0.042230417698691056,0.8698447746888,0.044036200822468
3,1,0.025319575757186366,0.02582038538085727,0.9234267836260207,0.025433255235935714
3,2,0.031538417075581804,0.033365408903331596,0.0321906697608761,0.9029055042602104
3,3,0.032000138857062405,0.03147389319860844,0.0322106869507378,0.9043152809935913
3,4,0.03617326561382382,0.036130502268500654,0.8913717202769469,0.03632451184072859
3,5,0.025421585046237864,0.02541955913929078,0.025390208651343484,0.9237686471631279
3,6,0.08962977025690365,0.7380706959804805,0.08541654661873128,0.0868829871438845
3,7,0.02112389335752588,0.021423315445067752,0.9361691634940046,0.02128362770340172
3,8,0.036747125147826895,0.036756473806194075,0.036833529339247134,0.8896628717067319
3,9,0.023390780861190598,0.9297586438826724,0.023278623879882977,0.023571951376254077
3,10,0.04301195605788586,0.04307039063163734,0.04241045804320629,0.8715071952672705
3,11,0.9299982424298383,0.02316221042387667,0.023346266168570308,0.023493280977714793
3,12,0.0625810307364397,0.8036531101005561,0.06914946640255408,0.06461639276045023
3,13,0.037035780049287655,0.03794620901222183,0.036222681452082926,0.8887953294864076
3,14,0.03207154546322454,0.904243636318718,0.03164407202681329,0.032040746191244245
3,15,0.8886646828698437,0.03794713370550753,0.037202318429310675,0.03618586499533805
3,16,0.020943248478543203,0.02107951775320597,0.021180479358603992,0.9367967544096469
3,17,0.050359924981633546,0.05211496071830439,0.050683383141971135,0.8468417311580909
3,18,0.02176188817519992,0.02260120586473344,0.932787621906166,0.022849284053900666
3,19,0.006629946547815208,0.006752489825205438,0.9799426609810721,0.0066749026459073475
3,20,0.019613534376609683,0.01995983386717003,0.9408671494061961,0.01955948235002407
3,21,0.06377614979993038,0.06366799166856098,0.3146927327608442,0.5578631257706644
3,22,0.02530031256094553,0.9237709855908112,0.02536778852038991,0.025560913327853412
3,23,0.02146087559702789,0.9359242802017346,0.02101858004120155,0.021596264160035877
3,24,0.018182504795482984,0.9449753821740265,0.01849096136680615,0.0183511516636842
3,25,0.8068941300345545,0.0645209262389933,0.06253778851989036,0.06604715520656189
3,26,0.009073766677748845,0.009185434587574197,0.00905522961319453,0.9726855691214825
3,27,0.019838004710075092,0.019591800168740847,0.01948563542865503,0.941084559692529
3,28,0.019471944435397365,0.01947134031351465,0.9414279118469917,0.019628803404096208
3,29,0.050169482717203555,0.0515087726165391,0.050281331797413856,0.8480404128688435
3,30,0.032288658489134134,0.9009909882447505,0.0334169341422795,0.03330341912383582
3,31,0.03727155428645683,0.037139516000786355,0.03612149739010363,0.8894674323226532
3,32,0.8885307124033254,0.03686766551596604,0.036739369588328026,0.037862252492380497
3,33,0.007801020471485149,0.007765041252815909,0.976603126198404,0.007830812077295081
3,34,0.010363462987195527,0.9688731439006794,0.010257441359788856,0.01050595175233624
3,35,0.025388690729375555,0.9232267612084701,0.025546424696466213,0.02583812336568807
3,36,0.02817918258732259,0.9147687109667483,0.028053862535669032,0.028998243910259985
3,37,0.02823262214382985,0.029956409183941067,0.912614103769408,0.029196864902821088
3,38,0.9361609476047849,0.019512124076609516,0.023901197379439482,0.020425730939166185
3,39,0.9055204213148534,0.03158797710891155,0.03127819900129977,0.03161340257493521
3,40,0.9035255467936603,0.03188252380692059,0.03217038289666772,0.03242154650275136
3,41,0.025199533852397003,0.025032006468385472,0.025310237339692135,0.9244582223395253
3,42,0.025244134615121403,0.02552760046125988,0.025788555800865046,0.9234397091227536
3,43,0.019312828188401788,0.020054402431617598,0.019768337036659547,0.9408644323433212
3,44,0.9449365704231153,0.018424421884039248,0.01825142544098501,0.018387582251860404
3,45,0.028407500023897053,0.028314954763964194,0.9143091241762397,0.028968421035899205
3,46,0.042053559122075417,0.04498409031288377,0.8684142078733554,0.04454814269168538
3,47,0.9488848966446498,0.01705150956900175,0.01701233296959724,0.01705126081675125
3,48,0.02286387889977717,0.9307943204230338,0.02295065482788792,0.023391145849301263
3,49,0.38449885785846266,0.5135060807608655,0.05136073743745807,0.05063432394321385
3,50,0.028709932231416043,0.028722223969851902,0.027986951137831534,0.9145808926609006
3,51,0.9362232608061504,0.021193717260165296,0.020945765184148,0.021637256749536253
3,52,0.9301153667657684,0.023388944550170692,0.023374250867727455,0.02312143781633345
3,53,0.03221174223077565,0.03214242863739878,0.032782934247861044,0.9028628948839645
3,54,0.012942951058286214,0.9614359333212571,0.01288366144395485,0.012737454176501892
3,55,0.021126903165815693,0.9357415743021413,0.021767594363410993,0.02136392816863197
3,57,0.021343655603571994,0.021159655904839484,0.021329486502436868,0.9361672019891516
3,58,0.01572930708732773,0.952122033802223,0.01606367820229463,0.01608498090815461
3,59,0.8704736579519194,0.04232234023670977,0.04301184681591395,0.0441921549954569
3,60,0.00978242822515505,0.9703204000562896,0.010066052439671779,0.00983111927888357
3,61,0.01970511970952091,0.019931762554060754,0.019639403495801528,0.9407237142406168
3,62,0.01700157343770695,0.01744864104230456,0.017112127455462933,0.9484376580645255
3,63,0.020087085901636482,0.9402554531356833,0.01982190097289304,0.019835559989787185
3,64,0.025965477571746377,0.02558056012279238,0.02579747956749103,0.9226564827379703
3,65,0.9520575454469209,0.015751599012835852,0.01619144759429618,0.01599940794594702
3,66,0.01517606031675707,0.9546590716464889,0.014911923408346192,0.015252944628407915
3,67,0.028019911167211274,0.028312923100297028,0.02801368357792622,0.9156534821545654
3,68,0.01346725019405576,0.9594508286580661,0.013512966922177202,0.013568954225700949
3,69,0.04191470436475908,0.0418928366006536,0.8724599277806009,0.04373253125398645
3,70,0.051918984821069845,0.05030960854458489,0.8460173259377407,0.051754080696604615
3,71,0.037331365606127404,0.03575475452530493,0.03600299351722484,0.8909108863513427
3,72,0.02559495149902866,0.025654173240025845,0.9229234154611997,0.02582745979974576
3,73,0.04265482207294902,0.04201289493880732,0.8720919114077462,0.04324037158049736
3,74,0.022415261850456173,0.02208564234758199,0.9330426808394223,0.022456414962539435
3,75,0.06444487930830729,0.8037997912223095,0.06424834179795524,0.067506987671428
3,76,0.0161403399723933,0.016266111591840954,0.9514731353584155,0.016120413077350182
3,77,0.010699555801707917,0.010593089663157739,0.010834248121626075,0.9678731064135083
3,78,0.02911712610350724,0.029714055672657013,0.028921148571329443,0.9122476696525063
3,80,0.010362090109423447,0.010184763680139569,0.9685856962839994,0.010867449926437544
3,81,0.8895940785999349,0.0358990435078902,0.038103596571346605,0.036403281320828304
3,82,0.011119131949317847,0.011533715155619116,0.011239855695875002,0.9661072971991881
3,83,0.01306509955234681,0.012872954594659545,0.013028953062864902,0.9610329927901288
3,84,0.015936253434009895,0.01617180726955581,0.01604580825024623,0.9518461310461881
3,85,0.018341583377616436,0.0185439248386602,0.01801672236534528,0.9450977694183781
3,86,0.04422235443579281,0.0440903817416358,0.8677694438429565,0.04391781997961498
3,87,0.01335418200814035,0.013172250034089407,0.9603216081900215,0.01315195976774879
3,88,0.9113122173016058,0.02900712606167026,0.029825775756764674,0.029854880879959276
3,89,0.028419252014724505,0.028354548071101195,0.9146551299010799,0.02857107001309447
3,90,0.9298206215054241,0.023303642960344373,0.02339396952921963,0.02348176600501195
3,91,0.010794335181128253,0.010656150749738597,0.9677644907783497,0.010785023290783412
3,92,0.027360717909602872,0.9201825635125638,0.025786502020632793,0.026670216557200747
3,93,0.012933740773217711,0.013206211866164668,0.01354477552880906,0.9603152718318085
3,94,0.9148922292627119,0.027887821396213444,0.028347325445953604,0.028872623895121036
3,95,0.9396158027684146,0.019823718873541202,0.02038851095835953,0.0201719673996846
3,96,0.020133088931783956,0.9396767574678524,0.01976108586681337,0.020429067733550257
3,97,0.03176791575662863,0.032244237313847554,0.03144544313006698,0.9045424037994568
3,98,0.019541096053898272,0.01968945335975871,0.019492756788508238,0.9412766937978349
3,99,0.01510528555501189,0.9544492602670256,0.015238008450437957,0.01520744572752486
3,100,0.008700157365441701,0.008517855159895168,0.9742452057960467,0.008536781678616523
3,101,0.016773976007112425,0.01708914939588957,0.9492044438400599,0.016932430756938063
3,102,0.008303660383260868,0.008418970163252529,0.009231779087359044,0.9740455903661276
3,103,0.011784199728248467,0.011782109692736756,0.01178568099797933,0.9646480095810355
3,104,0.02780684468695672,0.9159376748399053,0.027898464517855142,0.028357015955282942
3,105,0.025137294357939727,0.025384472346644343,0.025261480231200013,0.9242167530642158
3,106,0.014140247460185159,0.014184507616497687,0.9570529877098094,0.01462225721350783
3,107,0.006731876055947256,0.00672890480290622,0.006709349727086656,0.9798298694140598
3,108,0.028166239582447666,0.027989836606785376,0.02814770222344469,0.9156962215873223
3,110,0.019335319421052554,0.01978466813125991,0.019319182271787017,0.9415608301759004
3,111,0.050823140300740866,0.05160470714897085,0.050158881609953014,0.8474132709403353
3,112,0.02290617060281394,0.931367505019947,0.022891014242821556,0.022835310134417294
3,113,0.021501476878925164,0.021398631105827612,0.021046439553827453,0.9360534524614197
3,114,0.03798328779886795,0.036935902568540006,0.8867538469779472,0.03832696265464482
3,115,0.050222852964671355,0.8482393172126047,0.05131752610468236,0.05022030371804142
3,116,0.04259702316704032,0.04236617313770409,0.04367413324644126,0.8713626704488144
3,117,0.050149642196870736,0.050401827096122884,0.8486579697815659,0.05079056092544037
3,118,0.05249356142137779,0.8414199362218849,0.0526355077597583,0.053450994596978975
3,119,0.0232003818536186,0.02364539529737365,0.023020597685513813,0.930133625163494
3,120,0.051141079672337754,0.050712190905569596,0.32126607411997843,0.5768806553021144
3,121,0.011758940130515752,0.011707454302109956,0.011936999032586541,0.9645966065347877
3,122,0.9235233407456875,0.025434904315461682,0.025239720464943032,0.025802034473907758
3,123,0.010959725924089465,0.010760055957442465,0.01053307373763708,0.9677471443808311
3,124,0.8711080497001501,0.04263311876429014,0.04289718957599408,0.04336164195956564
3,125,0.019629410575296196,0.9405736684235669,0.01956778295505859,0.020229138046078232
3,126,0.0135149328934732,0.013722006071326209,0.013974996451239544,0.958788064583961
3,127,0.019640878692832306,0.019514476072433447,0.9412924027038261,0.019552242530908173
3,128,0.023367268616987402,0.9286973899111323,0.024489196200322944,0.02344614527155751
3,129,0.8907886388562917,0.03665423815122074,0.03646294698414109,0.03609417600834639
3,130,0.889912830910816,0.03669528069860257,0.03608166032699836,0.037310228063583056
3,131,0.05120318907300467,0.050306242328220806,0.8462379289384455,0.05225263966032918
3,132,0.9352292411060169,0.02174307894908966,0.021239872323068527,0.021787807621824796
3,133,0.06282492582367256,0.06334780526090243,0.06314891511307374,0.8106783538023513
3,134,0.0418606761127822,0.8725940054790488,0.04301144200660882,0.04253387640156034
3,135,0.9296187430259585,0.023369805076947983,0.02340472903888288,0.023606722858210742
3,136,0.02597661257605476,0.3364924994275298,0.02647814661720914,0.6110527413792062
3,137,0.02876797735598727,0.029557575692648604,0.9126163732139123,0.029058073737451933
3,138,0.01605522250409314,0.9517840828078467,0.016052913005370813,0.01610778168268946
3,139,0.01158245199267807,0.9654115444273876,0.011484888304027056,0.011521115275907285
3,140,0.9133775935709098,0.029312826273182616,0.028591736076851015,0.028717844079056497
3,141,0.03420057718444845,0.6585367525651932,0.032315370308864506,0.2749472999414939
3,142,0.031690751736360975,0.031687349196649714,0.03156680846253905,0.9050550906044502
3,143,0.017404367962960136,0.9478572147939165,0.017229473207558077,0.01750894403556529
3,144,0.08556293983949771,0.7476614068974289,0.08339864090859697,0.0833770123544764
3,145,0.01854414050588095,0.018220076660285297,0.018647766837013857,0.94458801599682
3,146,0.02109612542519898,0.021140365685107992,0.02187711857110562,0.9358863903185873
3,147,0.023290929816617952,0.023821982655500874,0.02437721012643021,0.928509877401451
3,148,0.023031082721433307,0.9297487734069709,0.02358684998443704,0.02363329388715875
3,149,0.02175652162306546,0.021810161523346888,0.022108625590860517,0.9343246912627271
3,150,0.028053674046593674,0.028271856366465502,0.915288268342148,0.02838620124479272
3,151,0.03607098794976525,0.03697089341329609,0.03737443047532907,0.8895836881616096
3,152,0.03160272905403594,0.9027508814979055,0.03279388082057142,0.03285250862748712
3,153,0.02504950999017494,0.02414661313232142,0.9261672504410525,0.024636626436451033
3,154,0.017316287572257033,0.948241080409186,0.016866725286047955,0.017575906732509063
